 ! CLIMATE CHANGE MONTHLY FLOW DISTRIBUTION   FROM WITHIN TABLEGEN
 ! SITE:  1=OROVILLE, 2=FOLSOM, 3=YUBA, 4=SHASTA, 5=SAC AB BEND BRIDGE, 6=SAC ACC BL WILKINS SLOUGH, 7=TRINITY, 8=WHISKEYTOWN, 9=SAC ACC AB WILKINS SLOUGH, 10=STANISLAUS, 11=TUOLOMNE, 12=MERCED, 13=SJ MILLERTON
 ! IM: 1=JAN, 2=FEB, 3=MAR, 4=APR, 5=MAY
    SITE      IM        JAN        FEB        MAR        APR        MAY        JUN        JUL        AUG        SEP
       1       1     0.1511     0.1537     0.1941     0.1781     0.1596     0.0854     0.0372     0.0226     0.0182
       1       2     0.0000     0.1808     0.2286     0.2099     0.1886     0.1007     0.0437     0.0265     0.0213
       1       3     0.0000     0.0000     0.2775     0.2552     0.2317     0.1243     0.0534     0.0322     0.0257
       1       4     0.0000     0.0000     0.0000     0.3529     0.3223     0.1724     0.0736     0.0440     0.0348
       1       5     0.0000     0.0000     0.0000     0.0000     0.4968     0.2695     0.1134     0.0673     0.0530
       2       1     0.1505     0.1517     0.1778     0.1784     0.1880     0.1099     0.0318     0.0074     0.0045
       2       2     0.0000     0.1775     0.2102     0.2102     0.2219     0.1292     0.0371     0.0086     0.0053
       2       3     0.0000     0.0000     0.2542     0.2546     0.2700     0.1584     0.0460     0.0105     0.0064
       2       4     0.0000     0.0000     0.0000     0.3388     0.3631     0.2138     0.0618     0.0141     0.0085
       2       5     0.0000     0.0000     0.0000     0.0000     0.5411     0.3286     0.0962     0.0215     0.0126
       3       1     0.1585     0.1538     0.1730     0.1711     0.1887     0.1051     0.0312     0.0106     0.0080
       3       2     0.0000     0.1822     0.2064     0.2031     0.2243     0.1249     0.0371     0.0125     0.0094
       3       3     0.0000     0.0000     0.2519     0.2467     0.2745     0.1541     0.0460     0.0154     0.0114
       3       4     0.0000     0.0000     0.0000     0.3266     0.3675     0.2085     0.0617     0.0207     0.0150
       3       5     0.0000     0.0000     0.0000     0.0000     0.5387     0.3155     0.0936     0.0305     0.0217
       4       1     0.1676     0.1787     0.1979     0.1464     0.1139     0.0704     0.0467     0.0401     0.0382
       4       2     0.0000     0.2152     0.2380     0.1762     0.1368     0.0843     0.0560     0.0480     0.0457
       4       3     0.0000     0.0000     0.3035     0.2248     0.1747     0.1072     0.0711     0.0608     0.0579
       4       4     0.0000     0.0000     0.0000     0.3229     0.2508     0.1538     0.1020     0.0874     0.0831
       4       5     0.0000     0.0000     0.0000     0.0000     0.3688     0.2274     0.1510     0.1295     0.1233
       5       1     0.1872     0.1887     0.2010     0.1409     0.1070     0.0659     0.0406     0.0344     0.0344
       5       2     0.0000     0.2333     0.2475     0.1731     0.1314     0.0807     0.0498     0.0421     0.0421
       5       3     0.0000     0.0000     0.3233     0.2266     0.1717     0.1049     0.0646     0.0545     0.0545
       5       4     0.0000     0.0000     0.0000     0.3354     0.2534     0.1549     0.0953     0.0807     0.0803
       5       5     0.0000     0.0000     0.0000     0.0000     0.3800     0.2329     0.1437     0.1219     0.1215
       7       1     0.1309     0.1342     0.1695     0.1679     0.2122     0.1309     0.0410     0.0093     0.0042
       7       2     0.0000     0.1547     0.1948     0.1937     0.2445     0.1498     0.0469     0.0107     0.0048
       7       3     0.0000     0.0000     0.2290     0.2278     0.2895     0.1790     0.0562     0.0128     0.0057
       7       4     0.0000     0.0000     0.0000     0.2932     0.3761     0.2337     0.0729     0.0167     0.0074
       7       5     0.0000     0.0000     0.0000     0.0000     0.5236     0.3366     0.1058     0.0239     0.0102
       8       1     0.1979     0.2330     0.2327     0.1538     0.0911     0.0454     0.0187     0.0149     0.0125
       8       2     0.0000     0.2917     0.2897     0.1916     0.1139     0.0565     0.0231     0.0185     0.0151
       8       3     0.0000     0.0000     0.4097     0.2702     0.1621     0.0794     0.0326     0.0249     0.0211
       8       4     0.0000     0.0000     0.0000     0.4613     0.2749     0.1335     0.0541     0.0414     0.0349
       8       5     0.0000     0.0000     0.0000     0.0000     0.4979     0.2491     0.1022     0.0844     0.0664
      10       1     0.1061     0.1066     0.1384     0.1704     0.2319     0.1667     0.0591     0.0134     0.0075
      10       2     0.0000     0.1185     0.1551     0.1909     0.2599     0.1866     0.0658     0.0149     0.0084
      10       3     0.0000     0.0000     0.1750     0.2159     0.2950     0.2125     0.0753     0.0169     0.0094
      10       4     0.0000     0.0000     0.0000     0.2601     0.3580     0.2587     0.0916     0.0205     0.0112
      10       5     0.0000     0.0000     0.0000     0.0000     0.4756     0.3538     0.1275     0.0281     0.0150
      11       1     0.0974     0.0917     0.1219     0.1458     0.2265     0.2027     0.0854     0.0200     0.0085
      11       2     0.0000     0.1013     0.1356     0.1622     0.2511     0.2244     0.0941     0.0220     0.0094
      11       3     0.0000     0.0000     0.1506     0.1804     0.2794     0.2496     0.1051     0.0245     0.0104
      11       4     0.0000     0.0000     0.0000     0.2116     0.3284     0.2947     0.1242     0.0289     0.0122
      11       5     0.0000     0.0000     0.0000     0.0000     0.4093     0.3762     0.1616     0.0374     0.0155
      12       1     0.1049     0.0999     0.1221     0.1444     0.2338     0.1911     0.0771     0.0187     0.0081
      12       2     0.0000     0.1114     0.1369     0.1620     0.2608     0.2133     0.0858     0.0209     0.0090
      12       3     0.0000     0.0000     0.1536     0.1821     0.2931     0.2403     0.0972     0.0236     0.0101
      12       4     0.0000     0.0000     0.0000     0.2148     0.3463     0.2843     0.1147     0.0278     0.0120
      12       5     0.0000     0.0000     0.0000     0.0000     0.4326     0.3660     0.1501     0.0359     0.0153
      13       1     0.0716     0.0659     0.0938     0.1333     0.2383     0.2329     0.1197     0.0327     0.0120
      13       2     0.0000     0.0707     0.1011     0.1438     0.2569     0.2511     0.1285     0.0350     0.0129
      13       3     0.0000     0.0000     0.1085     0.1545     0.2764     0.2703     0.1387     0.0378     0.0139
      13       4     0.0000     0.0000     0.0000     0.1728     0.3099     0.3036     0.1558     0.0424     0.0156
      13       5     0.0000     0.0000     0.0000     0.0000     0.3698     0.3685     0.1910     0.0518     0.0189
